 

stn;time;rre150m0;rsd010m0;rsd100m0;rs1000m0
VDCHX;201301;60.0;6;2;0
VDCHX;201302;81.7;9;2;0
VDCHX;201303;54.1;10;2;0
VDCHX;201304;87.7;9;3;0
VDCHX;201305;164.9;17;4;0
VDCHX;201306;70.5;9;3;0
VDCHX;201307;124.3;11;4;0
VDCHX;201308;71.2;7;2;0
VDCHX;201309;126.9;13;5;0
VDCHX;201310;128.9;11;6;0
VDCHX;201311;127.5;12;5;0
VDCHX;201312;43.6;5;2;0
VDCHX;201401;66.3;8;2;0
VDCHX;201402;88.6;13;3;0
VDCHX;201403;33.4;4;1;0
VDCHX;201404;91.3;11;4;0
VDCHX;201405;97.4;15;2;0
VDCHX;201406;72.2;10;2;0
VDCHX;201407;264.4;19;10;0
VDCHX;201408;158.7;19;7;0
VDCHX;201409;34.9;7;1;0
VDCHX;201410;78.4;9;3;0
VDCHX;201411;77.9;7;2;0
VDCHX;201412;54.2;8;2;0
VDCHX;201501;88.4;14;2;0
VDCHX;201502;20.4;5;0;0
VDCHX;201503;105.0;10;4;0
VDCHX;201504;65.9;10;3;0
VDCHX;201505;188.6;10;5;0
VDCHX;201506;118.7;11;6;0
VDCHX;201507;55.7;6;3;0
VDCHX;201508;100.9;9;5;0
VDCHX;201509;76.2;12;2;0
VDCHX;201510;57.6;8;2;0
VDCHX;201511;106.0;7;2;0
VDCHX;201512;8.7;4;0;0
VDCHX;201601;137.9;15;6;0
VDCHX;201602;93.0;15;3;0
VDCHX;201603;51.1;7;2;0
VDCHX;201604;78.1;10;2;0
VDCHX;201605;159.4;14;6;0
VDCHX;201606;139.5;20;4;0
VDCHX;201607;137.3;15;4;0
VDCHX;201608;80.2;6;4;0
VDCHX;201609;42.5;5;2;0
VDCHX;201610;61.9;7;3;0
VDCHX;201611;103.1;11;5;0
VDCHX;201612;1.0;1;0;0
VDCHX;201701;40.2;6;1;0
VDCHX;201702;77.2;8;4;0
VDCHX;201703;98.9;9;4;0
VDCHX;201704;31.3;7;1;0
VDCHX;201705;99.1;11;4;0
VDCHX;201706;112.5;13;3;0
VDCHX;201707;115.0;11;5;0
VDCHX;201708;107.5;9;4;0
VDCHX;201709;53.7;9;2;0
VDCHX;201710;44.1;9;1;0
VDCHX;201711;92.7;11;3;0
VDCHX;201712;145.0;17;6;0
VDCHX;201801;253.8;13;8;0
VDCHX;201802;35.5;5;1;0
VDCHX;201803;64.6;12;3;0
VDCHX;201804;39.9;3;1;0
VDCHX;201805;98.9;15;3;0
VDCHX;201806;85.9;6;4;0
VDCHX;201807;53.8;10;1;0
VDCHX;201808;126.4;12;6;0
VDCHX;201809;45.9;5;2;0
VDCHX;201810;36.7;5;2;0
VDCHX;201811;12.1;6;0;0
VDCHX;201812;162.9;14;7;0
VDCHX;201901;61.8;7;1;0
VDCHX;201902;80.4;8;2;0
VDCHX;201903;93.8;12;3;0
VDCHX;201904;51.4;8;3;0
VDCHX;201905;141.7;13;6;0
VDCHX;201906;107.6;10;3;0
VDCHX;201907;115.8;8;5;0
VDCHX;201908;166.8;14;6;0
VDCHX;201909;61.5;6;2;0
VDCHX;201910;124.2;12;5;0
VDCHX;201911;115.4;13;4;0
VDCHX;201912;117.2;14;4;0
VDCHX;202001;33.6;4;2;0
VDCHX;202002;129.8;13;6;0
VDCHX;202003;78.9;7;5;0
VDCHX;202004;57.3;4;2;0
VDCHX;202005;47.6;8;1;0
VDCHX;202006;109.8;16;2;0
VDCHX;202007;50.1;6;2;0
VDCHX;202008;201.1;11;6;0
VDCHX;202009;75.6;8;2;0
VDCHX;202010;136.3;13;6;0
VDCHX;202011;26.8;5;1;0
VDCHX;202012;70.0;14;2;0
VDCHX;202101;126.0;16;4;0
VDCHX;202102;28.4;8;0;0
VDCHX;202103;77.0;9;4;0
VDCHX;202104;37.4;8;1;0
VDCHX;202105;125.6;15;5;0
VDCHX;202106;108.6;15;4;0
VDCHX;202107;169.8;14;8;0
VDCHX;202108;68.8;7;2;0
VDCHX;202109;70.7;12;3;0
VDCHX;202110;23.6;7;0;0
VDCHX;202111;26.1;6;0;0
VDCHX;202112;101.0;13;3;0
VDCHX;202201;42.4;6;1;0
VDCHX;202202;74.8;12;3;0
VDCHX;202203;15.3;3;0;0
VDCHX;202204;68.7;11;2;0
VDCHX;202205;40.4;6;2;0
VDCHX;202206;85.4;12;3;0
VDCHX;202207;46.0;5;2;0
VDCHX;202208;121.3;8;4;0
VDCHX;202209;143.0;16;4;0
VDCHX;202210;61.0;7;2;0

stn;time;tnd00xm0;tnd00nm0;tnd30xm0;tre200m0;tre2dymx;tre2dymn;hns010mx;hns000m0;rre150m0;hto000m0;rsd010m0;rsd100m0;rs1000m0
CHD;201301;11;30;0;-2.4;1.6;-6.3;38;54;62.8;21;11;2;0
CHD;201302;18;27;0;-4.9;-0.7;-9.1;92;109;90.9;47;12;3;0
CHD;201303;2;28;0;0.6;5.0;-2.9;37;45;69.3;29;13;2;0
CHD;201304;0;10;0;6.3;12.1;1.5;8;6;93.6;2;10;4;0
CHD;201305;0;3;0;7.5;12.8;3.0;1;1;195.0;0;21;4;0
CHD;201306;0;0;1;12.8;18.7;7.5;1;0;88.7;0;12;3;0
CHD;201307;0;0;1;16.7;23.7;11.1;0;0;145.8;0;12;5;0
CHD;201308;0;0;0;15.2;21.6;9.6;0;0;75.8;0;7;2;0
CHD;201309;0;0;0;12.1;18.0;7.5;0;0;135.4;0;13;5;0
CHD;201310;0;2;0;9.2;14.3;5.6;0;0;146.0;0;12;6;0
CHD;201311;5;21;0;1.3;5.1;-2.3;28;37;205.0;2;15;7;0
CHD;201312;3;29;0;-0.7;3.8;-4.5;37;39;44.3;12;6;2;0
CHD;201401;3;26;0;-0.2;3.5;-3.9;37;37;66.9;21;9;2;0
CHD;201402;0;28;0;0.5;5.0;-3.3;36;77;94.9;28;15;4;0
CHD;201403;0;23;0;3.8;10.7;-1.6;36;28;32.8;7;6;1;0
CHD;201404;0;7;0;7.5;13.4;2.3;13;0;92.1;0;13;3;0
CHD;201405;0;2;0;9.4;15.1;3.9;0;0;116.6;0;16;3;0
CHD;201406;0;0;1;14.4;21.1;8.3;0;0;102.9;0;10;2;0
CHD;201407;0;0;0;14.5;19.8;10.2;0;0;332.6;0;20;11;0
CHD;201408;0;0;0;13.5;19.2;9.1;0;0;180.7;0;19;6;0
CHD;201409;0;0;0;12.4;18.6;7.4;0;0;42.9;0;8;1;0
CHD;201410;0;3;0;9.8;15.5;5.3;0;0;90.1;0;10;3;0
CHD;201411;0;7;0;5.1;9.9;1.5;5;5;91.6;0;8;3;0
CHD;201412;4;23;0;0.1;3.8;-3.0;48;56;70.1;6;9;3;0
CHD;201501;11;29;0;-0.9;3.3;-4.8;69;91;120.8;15;17;4;0
CHD;201502;7;28;0;-2.7;2.0;-6.8;95;43;36.7;37;6;0;0
CHD;201503;0;22;0;3.4;8.9;-1.2;19;10;117.7;8;12;4;0
CHD;201504;0;10;0;7.0;13.4;1.2;4;4;77.0;0;10;3;0
CHD;201505;0;0;0;11.0;16.6;5.6;0;0;214.4;0;11;7;0
CHD;201506;0;0;0;14.9;21.4;9.2;0;0;120.8;0;12;5;0
CHD;201507;0;0;7;19.0;26.2;12.3;0;0;52.4;0;6;3;0
CHD;201508;0;0;1;16.3;22.5;11.2;0;0;105.7;0;11;5;0
CHD;201509;0;0;0;10.2;16.2;5.4;0;0;87.1;0;13;3;0
CHD;201510;0;1;0;7.0;11.6;3.2;0;0;64.2;0;8;2;0
CHD;201511;4;10;0;4.3;10.2;-0.3;36;36;104.1;5;9;3;0
CHD;201512;0;25;0;2.1;6.9;-1.3;31;0;17.2;6;6;0;0
CHD;201601;6;26;0;0.0;3.6;-3.7;74;77;161.4;19;21;8;0
CHD;201602;1;25;0;1.0;5.0;-2.7;42;55;118.4;11;16;4;0
CHD;201603;1;28;0;1.8;7.4;-3.0;51;50;61.9;6;11;2;0
CHD;201604;0;8;0;6.1;11.4;1.6;14;14;118.5;0;12;6;0
CHD;201605;0;4;0;9.4;15.3;4.1;14;0;238.9;0;14;9;0
CHD;201606;0;0;0;13.5;18.9;8.9;0;0;182.8;0;22;7;0
CHD;201607;0;0;0;16.2;22.5;10.7;0;0;181.4;0;15;8;0
CHD;201608;0;0;0;16.0;22.5;10.5;0;0;93.7;0;7;4;0
CHD;201609;0;0;0;13.6;19.7;8.9;0;0;63.4;0;5;3;0
CHD;201610;0;9;0;6.2;11.4;2.1;0;0;75.3;0;9;3;0
CHD;201611;1;19;0;2.7;6.9;-0.9;30;30;119.7;2;-;-;-
CHD;201612;0;29;0;0.1;5.7;-3.4;2;2;1.5;0;1;0;0
CHD;201701;17;30;0;-5.1;-0.4;-9.4;69;77;57.7;27;9;2;0
CHD;201702;0;24;0;1.6;6.7;-2.4;32;42;84.3;26;14;4;0
CHD;201703;0;11;0;5.4;11.6;0.4;30;20;124.9;2;11;6;0
CHD;201704;0;13;0;6.0;12.5;0.0;10;10;45.7;0;8;1;0
CHD;201705;0;4;0;11.1;17.7;5.0;10;0;92.8;0;10;5;0
CHD;201706;0;0;0;16.4;22.8;10.6;0;0;113.0;0;14;4;0
CHD;201707;0;0;0;16.5;22.8;11.0;0;0;117.6;0;11;5;0
CHD;201708;0;0;0;16.3;23.0;10.8;0;0;124.7;0;8;4;0
CHD;201709;0;0;0;10.0;15.6;5.3;0;0;59.7;0;10;2;0
CHD;201710;0;4;0;8.5;15.0;3.4;0;0;63.4;0;9;2;0
CHD;201711;3;21;0;1.1;5.1;-2.3;30;61;113.0;9;10;3;0
CHD;201712;11;29;0;-2.3;2.1;-6.4;71;102;156.3;30;15;6;0
CHD;201801;0;21;0;2.1;6.7;-1.2;28;30;261.4;10;15;7;0
CHD;201802;12;26;0;-3.5;0.5;-6.8;12;26;56.7;3;7;3;0
CHD;201803;1;25;0;1.7;6.6;-2.2;16;19;93.4;2;15;3;0
CHD;201804;0;5;0;9.3;16.7;2.6;14;0;47.8;0;5;1;0
CHD;201805;0;0;0;11.6;17.7;6.5;0;0;138.6;0;18;6;0
CHD;201806;0;0;0;15.2;21.6;9.4;0;0;105.6;0;6;5;0
CHD;201807;0;0;0;17.8;24.6;11.3;0;0;63.9;0;10;4;0
CHD;201808;0;0;3;16.6;23.8;11.2;0;0;169.2;0;13;7;0
CHD;201809;0;0;0;13.7;20.7;8.1;0;0;51.6;0;5;2;0
CHD;201810;0;3;0;8.6;15.7;3.6;0;0;45.3;0;5;3;0
CHD;201811;1;15;0;3.8;8.1;0.5;4;4;18.3;0;7;0;0
CHD;201812;4;21;0;1.0;4.7;-2.3;8;8;190.6;0;17;8;0
CHD;201901;16;31;0;-3.5;0.1;-7.2;47;95;86.2;17;11;3;0
CHD;201902;2;27;0;0.7;6.8;-4.0;66;36;54.1;39;5;2;0
CHD;201903;0;23;0;3.8;10.5;-1.3;24;25;104.6;5;13;2;0
CHD;201904;0;11;0;6.3;12.6;0.7;21;22;60.1;1;9;3;0
CHD;201905;0;5;0;7.8;13.0;3.2;6;4;172.0;0;14;6;0
CHD;201906;0;0;6;16.2;23.3;9.5;0;0;132.2;0;10;5;0
CHD;201907;0;0;3;17.8;24.5;11.5;0;0;123.7;0;7;4;0
CHD;201908;0;0;0;16.2;22.8;10.6;0;0;197.9;0;14;6;0
CHD;201909;0;0;0;12.8;18.8;7.9;0;0;55.9;0;7;1;0
CHD;201910;0;0;0;9.8;15.3;5.5;0;0;141.5;0;14;6;0
CHD;201911;1;16;0;2.7;6.9;-0.3;9;9;131.6;1;14;6;0
CHD;201912;1;21;0;1.9;6.3;-1.8;26;28;130.2;4;14;5;0
CHD;202001;1;28;0;0.3;5.6;-3.4;13;19;31.5;2;6;1;0
CHD;202002;0;19;0;3.3;9.4;-1.3;25;38;140.6;4;15;6;0
CHD;202003;0;20;0;3.2;8.9;-1.3;33;22;89.1;1;10;4;0
CHD;202004;0;7;0;9.2;16.7;2.6;1;0;59.9;0;4;2;0
CHD;202005;0;0;0;11.6;17.9;5.5;0;0;58.2;0;9;2;0
CHD;202006;0;0;0;13.4;19.0;8.5;0;0;126.0;0;18;3;0
CHD;202007;0;0;2;17.0;23.7;10.7;0;0;65.6;0;5;2;0
CHD;202008;0;0;1;16.2;22.9;10.6;0;0;200.2;0;12;7;0
CHD;202009;0;0;0;12.9;19.3;8.3;0;0;97.4;0;8;3;0
CHD;202010;0;3;0;6.6;12.0;2.7;0;0;151.2;0;14;5;0
CHD;202011;1;12;0;4.0;9.4;0.2;6;6;32.5;0;6;1;0
CHD;202012;6;27;0;-0.6;2.9;-4.0;50;80;100.8;12;17;2;0
CHD;202101;15;27;0;-3.0;0.2;-6.4;61;76;181.5;26;16;8;0
CHD;202102;4;18;0;2.2;7.7;-2.0;41;10;40.4;7;8;2;0
CHD;202103;0;23;0;2.9;8.7;-2.0;65;65;103.8;6;10;5;0
CHD;202104;0;18;0;5.0;11.3;-0.5;13;13;48.3;0;7;1;0
CHD;202105;0;3;0;8.0;13.7;2.6;0;0;202.8;0;17;8;0
CHD;202106;0;0;0;15.7;21.9;10.4;0;0;176.4;0;15;7;0
CHD;202107;0;0;0;15.5;21.5;10.4;0;0;261.5;0;14;10;0
CHD;202108;0;0;0;14.7;20.7;9.8;0;0;125.0;0;8;6;0
CHD;202109;0;0;0;13.4;19.6;8.5;0;0;90.8;0;11;3;0
CHD;202110;0;6;0;7.5;14.3;2.4;0;0;49.2;0;9;1;0
CHD;202111;2;18;0;1.9;6.1;-1.5;34;34;41.8;2;8;1;0
CHD;202112;11;26;0;-1.3;2.4;-5.0;89;89;158.3;31;15;5;0
CHD;202201;6;27;0;-1.2;3.7;-5.2;36;49;51.5;18;6;2;0
CHD;202202;0;27;0;1.0;6.5;-3.6;16;17;95.2;10;14;4;0
CHD;202203;0;21;0;4.2;11.7;-1.7;14;0;21.3;0;4;1;0
CHD;202204;2;9;0;6.5;12.7;0.9;8;8;90.4;0;9;3;0
CHD;202205;0;0;0;13.4;20.0;7.4;0;0;53.7;0;6;2;0
CHD;202206;0;0;2;16.7;23.6;10.2;0;0;116.0;0;12;5;0
CHD;202207;0;0;4;18.5;25.9;11.6;0;0;65.1;0;5;2;0
CHD;202208;0;0;3;17.4;24.6;11.2;0;0;156.7;0;7;4;0
CHD;202209;0;0;0;11.5;17.3;7.0;0;0;168.5;0;15;5;0
CHD;202210;0;0;0;11.7;17.9;7.2;0;0;76.9;0;7;3;0

stn;time;hns010mx;hns000m0;hto000m0;rre150m0;rsd010m0;rsd100m0;rs1000m0
GSG;201301;46;76;57;97.1;13;4;0
GSG;201302;85;120;86;138.0;13;2;0
GSG;201303;47;63;78;76.8;11;2;0
GSG;201304;-;21;29;120.0;11;4;0
GSG;201305;-;-;-;210.7;21;6;0
GSG;201306;-;-;0;95.9;11;4;0
GSG;201307;-;-;0;125.7;13;5;0
GSG;201308;-;-;0;79.5;9;4;0
GSG;201309;-;-;0;181.4;14;5;0
GSG;201310;-;-;-;136.7;13;5;0
GSG;201311;-;-;6;173.0;14;7;0
GSG;201312;-;-;19;59.7;7;2;0
GSG;201401;-;-;40;87.5;9;5;0
GSG;201402;-;-;80;152.7;18;6;0
GSG;201403;-;-;84;42.5;3;2;0
GSG;201404;-;-;9;111.6;12;4;0
GSG;201405;-;-;0;159.1;18;7;0
GSG;201406;-;-;0;96.9;13;4;0
GSG;201407;-;-;0;295.8;22;11;0
GSG;201408;-;-;0;250.9;21;11;0
GSG;201409;-;-;0;42.0;7;1;0
GSG;201410;2;2;0;100.0;13;5;0
GSG;201411;11;12;1;95.9;8;4;0
GSG;201412;54;64;6;94.1;12;3;0
GSG;201501;-;-;22;162.0;17;8;0
GSG;201502;-;-;-;66.0;6;3;0
GSG;201503;-;-;-;186.0;13;5;0
GSG;201504;-;-;-;100.2;11;4;0
GSG;201505;6;6;0;242.8;16;8;0
GSG;201506;-;-;-;121.7;11;4;0
GSG;201507;-;-;-;82.4;9;5;0
GSG;201508;-;-;-;153.9;14;6;0
GSG;201509;-;-;-;94.4;12;4;0
GSG;201510;-;4;0;98.7;9;5;0
GSG;201511;71;71;8;154.8;9;3;1
GSG;201512;46;0;16;18.8;6;0;0
GSG;201601;99;122;47;257.1;21;8;0
GSG;201602;72;110;66;193.2;19;7;0
GSG;201603;86;83;90;87.3;13;2;0
GSG;201604;38;45;14;151.3;15;7;0
GSG;201605;40;10;1;210.7;15;8;0
GSG;201606;-;-;-;205.3;24;9;0
GSG;201607;-;-;-;152.9;16;5;0
GSG;201608;-;-;-;91.6;10;2;0
GSG;201609;-;-;-;88.0;9;3;0
GSG;201610;-;0;0;110.1;12;4;0
GSG;201611;64;64;8;149.1;12;5;0
GSG;201612;2;2;0;0.2;0;0;0
GSG;201701;78;94;27;98.2;11;4;0
GSG;201702;44;72;43;104.3;13;4;0
GSG;201703;75;58;49;141.4;13;5;0
GSG;201704;18;21;1;81.2;13;3;0
GSG;201705;21;5;0;112.7;14;5;0
GSG;201706;-;-;-;168.6;14;7;0
GSG;201707;-;-;-;154.5;16;6;0
GSG;201708;-;-;-;130.9;13;4;0
GSG;201709;-;-;-;92.8;11;3;0
GSG;201710;-;0;0;80.6;10;3;0
GSG;201711;35;69;9;115.5;11;4;0
GSG;201712;87;141;41;205.6;18;7;0
GSG;201801;70;82;61;360.4;14;11;0
GSG;201802;33;61;83;75.7;8;4;0
GSG;201803;45;99;80;135.7;20;5;0
GSG;201804;41;0;21;53.5;7;2;0
GSG;201805;0;0;0;126.4;18;4;0
GSG;201806;-;-;-;49.7;7;1;0
GSG;201807;-;-;-;68.6;10;2;0
GSG;201808;-;-;-;132.1;18;4;0
GSG;201809;-;-;-;89.9;6;4;0
GSG;201810;-;3;0;56.6;6;2;0
GSG;201811;18;18;2;27.7;8;0;0
GSG;201812;27;34;11;270.7;16;11;0
GSG;201901;78;148;43;110.9;10;5;0
GSG;201902;93;61;81;54.6;6;1;0
GSG;201903;66;79;74;163.3;14;8;0
GSG;201904;39;59;31;82.9;9;4;0
GSG;201905;17;7;0;183.6;13;8;0
GSG;201906;0;0;0;147.0;12;5;0
GSG;201907;0;0;0;103.4;10;6;0
GSG;201908;0;0;0;186.6;13;6;0
GSG;201909;0;0;0;69.9;8;3;0
GSG;201910;0;0;0;149.8;17;5;0
GSG;201911;12;21;3;139.2;14;5;0
GSG;201912;72;103;12;203.6;14;7;0
GSG;202001;51;57;18;67.4;5;3;0
GSG;202002;64;66;36;208.7;14;9;0
GSG;202003;65;49;42;126.2;9;4;0
GSG;202004;2;0;1;65.9;6;2;0
GSG;202005;0;0;0;99.4;12;4;0
GSG;202006;0;0;0;161.9;19;5;0
GSG;202007;0;0;0;89.4;9;3;0
GSG;202008;0;0;0;225.0;15;8;0
GSG;202009;2;2;0;115.1;9;5;0
GSG;202010;2;1;0;199.8;14;9;0
GSG;202011;5;10;1;35.4;5;1;0
GSG;202012;46;82;25;96.3;16;2;0
GSG;202101;81;141;54;276.8;16;9;0
GSG;202102;70;21;68;63.1;8;2;0
GSG;202103;106;109;79;122.4;12;5;0
GSG;202104;19;19;22;49.4;10;2;0
GSG;202105;3;3;0;266.3;19;10;0
GSG;202106;0;0;0;164.4;14;10;0
GSG;202107;0;0;0;294.1;17;10;0
GSG;202108;0;0;0;121.5;9;6;0
GSG;202109;0;0;0;100.0;13;2;0
GSG;202110;0;0;0;43.5;8;1;0
GSG;202111;31;32;2;50.1;9;1;0
GSG;202112;116;122;46;183.5;14;6;0
GSG;202201;58;68;46;56.5;6;3;0
GSG;202202;51;68;67;156.4;15;5;0
GSG;202203;37;3;59;27.6;4;1;0
GSG;202204;51;48;11;120.4;10;5;0
GSG;202205;0;0;0;98.7;9;4;0
GSG;202206;0;0;0;126.2;16;5;0
GSG;202207;0;0;0;75.7;7;3;0
GSG;202208;0;0;0;84.6;9;5;0
GSG;202209;0;0;0;167.3;16;5;0
GSG;202210;0;0;0;129.3;10;5;0

stn;time;tnd00xm0;tnd00nm0;tnd30xm0;rre150m0;rsd010m0;rsd100m0;rs1000m0;tre200m0;tre2dymx;tre2dymn
MMSAA;201608;0;0;0;90.6;8;4;0;16.4;23.0;10.2
MMSAA;201609;0;0;0;56.0;6;2;0;13.5;19.8;8.2
MMSAA;201610;0;12;0;68.2;8;3;0;5.7;11.1;1.5
MMSAA;201611;4;24;0;-;-;-;-;1.7;5.6;-2.2
MMSAA;201612;19;30;0;0.2;0;0;0;-4.4;-0.5;-6.8
MMSAA;201701;23;30;0;52.6;9;2;0;-8.0;-3.4;-12.0
MMSAA;201702;0;27;0;62.2;12;2;0;-0.3;5.1;-4.2
MMSAA;201703;0;17;0;118.8;10;3;0;4.7;11.0;-0.4
MMSAA;201704;-;-;-;-;-;-;-;6.3;12.9;0.2
MMSAA;201705;-;-;-;-;-;-;-;-;-;-
MMSAA;201706;0;0;0;123.0;12;6;0;17.1;23.4;10.8
MMSAA;201707;0;0;0;116.8;12;6;0;17.0;23.1;11.1
MMSAA;201708;0;0;0;117.6;10;5;0;16.6;23.3;10.4
MMSAA;201709;0;0;0;77.0;12;3;0;9.9;15.8;5.1
MMSAA;201710;0;4;0;70.8;9;3;0;7.2;14.5;2.2
MMSAA;201711;6;24;0;113.2;11;3;0;-0.7;3.5;-3.9
MMSAA;201712;16;28;0;171.4;17;5;0;-4.8;-1.0;-8.5
MMSAA;201801;2;25;0;296.4;13;9;0;-0.3;3.7;-3.1
MMSAA;201802;11;26;0;71.8;8;3;0;-4.0;0.4;-7.6
MMSAA;201803;0;28;0;114.2;16;3;0;1.1;6.2;-2.9
MMSAA;201804;-;-;-;-;-;-;-;9.6;18.4;1.6
MMSAA;201805;-;-;-;-;-;-;-;-;-;-
MMSAA;201806;-;-;-;40.6;4;2;0;-;-;-
MMSAA;201807;-;-;-;-;-;-;-;-;-;-
MMSAA;201808;-;-;-;-;-;-;-;-;-;-
MMSAA;201809;-;-;-;-;-;-;-;-;-;-
MMSAA;201810;-;-;-;-;-;-;-;-;-;-
MMSAA;201811;1;18;0;5.8;2;0;0;2.5;6.9;-1.0
MMSAA;201812;6;19;0;-;16;8;0;-0.3;2.5;-3.0
MMSAA;201901;21;31;0;100.8;10;4;0;-4.9;-1.3;-8.6
MMSAA;201902;2;28;0;48.6;5;3;0;-2.4;5.0;-7.6
MMSAA;201903;-;-;-;-;-;-;-;-;-;-
MMSAA;201904;-;-;-;-;-;-;-;-;-;-
MMSAA;201905;-;-;-;97.6;12;4;0;8.5;13.6;3.7
MMSAA;201906;-;-;-;91.6;11;2;0;-;-;-
MMSAA;201907;0;0;5;92.6;9;3;0;18.3;25.6;11.2
MMSAA;201908;-;-;-;175.2;14;7;0;16.8;24.7;10.4
MMSAA;201909;-;-;-;-;-;-;-;13.1;-;-
MMSAA;201910;-;-;-;102.8;12;5;0;-;-;-
MMSAA;201911;2;19;0;100.6;14;3;0;1.6;5.5;-1.3
MMSAA;201912;-;-;-;116.6;13;6;0;-0.2;4.0;-3.5
MMSAA;202001;-;-;-;33.8;6;1;0;-3.4;0.2;-6.5
MMSAA;202002;0;24;0;-;-;-;-;1.1;7.3;-3.2
MMSAA;202003;0;27;0;-;-;-;-;2.7;8.9;-2.1
MMSAA;202004;0;9;0;46.8;4;2;0;9.2;17.6;1.5
MMSAA;202005;0;0;0;58.8;8;2;0;12.1;19.0;5.2
MMSAA;202006;0;0;0;118.2;20;2;0;13.7;20.1;8.0
MMSAA;202007;0;0;4;-;-;-;-;17.5;25.0;10.4
MMSAA;202008;-;-;-;116.4;12;5;0;16.6;24.3;10.0
MMSAA;202009;-;-;-;94.2;7;5;0;12.7;19.7;7.3
MMSAA;202010;0;5;0;113.4;13;4;0;6.1;11.5;2.0
MMSAA;202011;3;22;0;21.8;5;1;0;1.5;6.6;-1.8
MMSAA;202012;9;28;0;67.6;14;2;0;-2.1;1.0;-5.5
MMSAA;202101;-;-;-;183.6;14;5;0;-;-;-
MMSAA;202102;3;25;0;31.6;6;2;0;0.0;5.8;-4.1
MMSAA;202103;-;-;-;69.8;7;4;0;-;-;-
MMSAA;202104;-;-;-;-;-;-;-;-;-;-
MMSAA;202105;-;-;-;-;-;-;-;-;-;-
MMSAA;202106;-;-;-;117.8;14;5;0;-;-;-
MMSAA;202107;0;0;1;193.0;17;9;0;15.8;22.1;10.3
MMSAA;202108;-;-;-;67.8;6;3;0;15.0;21.5;9.6
MMSAA;202109;-;-;-;57.8;11;2;0;-;-;-
MMSAA;202110;-;-;-;26.6;7;1;0;-;-;-

stn;time;hns010mx;hns000m0;hto000m0
SLF1SM;201301;-;102;65
SLF1SM;201302;-;142;94
SLF1SM;201303;-;79;73
SLF1SM;201304;-;43;32
SLF1SM;201305;19;24;1
SLF1SM;201306;-;-;-
SLF1SM;201307;-;-;-
SLF1SM;201308;-;-;-
SLF1SM;201309;-;-;-
SLF1SM;201310;-;16;1
SLF1SM;201311;-;49;5
SLF1SM;201312;-;45;15
SLF1SM;201401;-;111;28
SLF1SM;201402;-;154;57
SLF1SM;201403;-;36;32
SLF1SM;201404;-;12;0
SLF1SM;201405;10;12;0
SLF1SM;201406;-;-;-
SLF1SM;201407;-;-;-
SLF1SM;201408;-;-;-
SLF1SM;201409;-;-;-
SLF1SM;201410;-;8;0
SLF1SM;201411;-;39;2
SLF1SM;201412;-;94;7
SLF1SM;201501;-;166;22
SLF1SM;201502;-;92;62
SLF1SM;201503;-;31;28
SLF1SM;201504;-;28;2
SLF1SM;201505;18;18;1
SLF1SM;201506;-;-;-
SLF1SM;201507;-;-;-
SLF1SM;201508;-;-;-
SLF1SM;201509;-;-;-
SLF1SM;201510;-;5;0
SLF1SM;201511;80;80;9
SLF1SM;201512;51;0;3
SLF1SM;201601;116;160;37
SLF1SM;201602;87;144;46
SLF1SM;201603;117;116;60
SLF1SM;201604;48;55;3
SLF1SM;201605;53;25;1
SLF1SM;201606;-;-;-
SLF1SM;201607;-;-;-
SLF1SM;201608;-;-;-
SLF1SM;201609;-;-;-
SLF1SM;201610;-;0;0
SLF1SM;201611;92;98;13
SLF1SM;201612;1;1;0
SLF1SM;201701;71;86;25
SLF1SM;201702;51;90;24
SLF1SM;201703;123;83;15
SLF1SM;201704;20;22;1
SLF1SM;201705;20;4;0
SLF1SM;201706;-;-;-
SLF1SM;201707;-;-;-
SLF1SM;201708;-;-;-
SLF1SM;201709;-;-;-
SLF1SM;201710;-;12;1
SLF1SM;201711;40;77;8
SLF1SM;201712;110;181;38
SLF1SM;201801;117;175;65
SLF1SM;201802;27;46;79
SLF1SM;201803;50;122;79
SLF1SM;201804;52;6;27
SLF1SM;201805;0;0;0
SLF1SM;201806;-;-;-
SLF1SM;201807;-;-;-
SLF1SM;201808;-;-;-
SLF1SM;201809;-;-;-
SLF1SM;201810;-;12;1
SLF1SM;201811;12;6;0
SLF1SM;201812;61;79;14
SLF1SM;201901;91;182;36
SLF1SM;201902;125;63;72
SLF1SM;201903;80;106;46
SLF1SM;201904;37;61;8
SLF1SM;201905;34;23;1
SLF1SM;201906;-;-;-
SLF1SM;201907;-;-;-
SLF1SM;201908;-;-;-
SLF1SM;201909;-;-;-
SLF1SM;201910;-;0;0
SLF1SM;201911;30;55;4
SLF1SM;201912;87;151;26
SLF1SM;202001;42;57;42
SLF1SM;202002;64;96;25
SLF1SM;202003;104;66;19
SLF1SM;202004;2;0;0
SLF1SM;202005;0;0;0
SLF1SM;202006;-;-;-
SLF1SM;202007;-;-;-
SLF1SM;202008;-;-;-
SLF1SM;202009;-;-;-
SLF1SM;202010;-;10;0
SLF1SM;202011;5;9;0
SLF1SM;202012;67;137;20
SLF1SM;202101;104;202;57
SLF1SM;202102;88;19;57
SLF1SM;202103;109;114;43
SLF1SM;202104;22;22;1
SLF1SM;202105;13;19;1
SLF1SM;202106;-;-;-
SLF1SM;202107;-;-;-
SLF1SM;202108;-;-;-
SLF1SM;202109;-;-;-
SLF1SM;202110;-;0;0
SLF1SM;202111;54;57;3
SLF1SM;202112;146;151;52
SLF1SM;202201;66;83;34
SLF1SM;202202;45;76;52
SLF1SM;202203;26;9;24
SLF1SM;202204;29;23;2
SLF1SM;202205;1;0;0

stn;time;tnd00xm0;tnd00nm0;tnd30xm0;tre200m0;tre2dymx;tre2dymn;rre150m0;rsd010m0;rsd100m0;rs1000m0
MMZWE;201608;-;-;-;-;-;-;-;8;2;0
MMZWE;201609;0;0;0;14.1;21.8;8.5;54.4;5;3;0
MMZWE;201610;0;9;0;7.0;13.3;2.4;60.2;8;1;0
MMZWE;201611;0;15;0;3.8;9.0;-0.3;79.4;11;2;0
MMZWE;201612;0;29;0;-1.0;8.3;-5.4;0.0;0;0;0
MMZWE;201701;18;29;0;-5.5;0.1;-10.5;46.8;8;1;0
MMZWE;201702;0;20;0;2.1;8.1;-2.1;61.8;12;3;0
MMZWE;201703;-;-;-;6.5;14.3;0.6;96.8;10;5;0
MMZWE;201704;0;15;0;6.6;14.0;0.3;-;-;-;-
MMZWE;201705;0;3;0;12.1;19.6;5.2;110.0;14;6;0
MMZWE;201706;0;0;4;17.4;24.9;10.7;115.4;11;4;0
MMZWE;201707;0;0;3;17.4;24.6;11.0;-;-;-;-
MMZWE;201708;0;0;3;16.9;24.7;10.4;112.6;10;5;0
MMZWE;201709;0;0;0;10.8;17.5;5.5;73.4;12;3;0
MMZWE;201710;0;3;0;8.6;16.5;2.8;61.0;9;2;0
MMZWE;201711;1;20;0;1.7;6.6;-2.1;-;11;3;0
MMZWE;201712;8;27;0;-2.2;2.5;-6.7;120.0;16;4;0
MMZWE;201801;0;21;0;2.4;7.6;-0.8;252.0;14;8;0
MMZWE;201802;7;26;0;-2.3;2.1;-5.8;38.4;7;1;0
MMZWE;201803;0;19;0;2.7;8.3;-1.6;-;-;-;-
MMZWE;201804;-;-;-;10.1;19.2;2.1;-;-;-;-
MMZWE;201805;-;-;-;-;-;-;-;-;-;-
MMZWE;201806;0;0;0;15.6;22.6;8.8;51.8;9;1;0
MMZWE;201807;0;0;1;17.7;25.5;10.6;49.2;7;1;0
MMZWE;201808;-;-;-;-;-;-;-;-;-;-
MMZWE;201809;-;-;-;-;-;-;-;-;-;-
MMZWE;201810;-;-;-;8.2;16.6;2.4;36.4;4;3;0
MMZWE;201811;-;-;-;3.7;9.5;-0.8;8.2;4;0;0
MMZWE;201812;-;-;-;1.1;-;-;-;-;-;-
MMZWE;201901;15;31;0;-3.5;0.7;-7.7;75.8;10;2;0
MMZWE;201902;1;26;0;-1.4;7.2;-7.6;36.8;5;2;0
MMZWE;201903;0;24;0;3.7;11.2;-1.9;84.6;12;1;0
MMZWE;201904;0;13;0;6.6;13.7;0.1;46.4;6;1;0
MMZWE;201905;0;6;0;8.6;14.0;3.4;-;-;-;-
MMZWE;201906;0;0;6;16.6;24.5;9.1;96.6;10;3;0
MMZWE;201907;0;0;5;17.8;25.1;11.4;-;8;4;0
MMZWE;201908;0;0;2;16.8;24.0;10.8;168.6;12;6;0
MMZWE;201909;-;-;-;13.6;-;-;-;-;-;-
MMZWE;201910;0;0;0;10.0;16.6;5.2;92.2;12;3;0
MMZWE;201911;0;16;0;2.9;7.7;-0.6;83.6;13;2;0
MMZWE;201912;0;22;0;1.8;7.2;-2.4;102.0;14;6;0
MMZWE;202001;0;31;0;-0.4;6.7;-4.8;30.4;5;1;0
MMZWE;202002;0;19;0;3.0;10.2;-2.4;110.6;14;6;0
MMZWE;202003;0;21;0;3.8;10.4;-1.4;70.0;8;3;0
MMZWE;202004;0;10;0;9.3;18.0;1.2;54.8;5;1;0
MMZWE;202005;0;0;0;12.3;19.3;5.3;58.0;8;2;0
MMZWE;202006;0;0;0;14.1;20.2;8.5;126.6;17;4;0
MMZWE;202007;0;0;2;17.3;24.5;10.5;89.8;9;4;0
MMZWE;202008;0;0;1;16.1;23.4;10.2;246.2;14;9;0
MMZWE;202009;0;0;0;13.1;20.2;7.7;73.6;5;4;0
MMZWE;202010;0;5;0;7.1;12.9;2.9;-;-;-;-
MMZWE;202011;1;19;0;3.5;10.8;-0.9;18.2;4;0;0
MMZWE;202012;3;27;0;-0.8;3.0;-4.7;55.0;13;0;0
MMZWE;202101;13;24;0;-2.7;0.9;-6.4;133.6;14;5;0
MMZWE;202102;3;24;0;1.9;8.6;-2.6;29.2;6;0;0
MMZWE;202103;0;26;0;3.1;9.8;-2.5;76.4;8;3;0
MMZWE;202104;0;19;0;5.4;12.5;-0.9;26.2;6;0;0
MMZWE;202105;0;3;0;8.5;14.5;2.5;154.8;17;7;0
MMZWE;202106;0;0;0;16.0;23.0;10.0;193.6;15;8;0
MMZWE;202107;0;0;0;15.7;22.2;10.2;244.0;17;9;0
MMZWE;202108;0;0;3;15.1;21.9;9.5;101.8;9;4;0
MMZWE;202109;0;0;0;13.4;20.8;7.5;64.4;9;2;0
MMZWE;202110;0;14;0;7.2;15.2;1.4;16.4;5;0;0
MMZWE;202111;1;22;0;1.8;7.1;-2.0;22.2;6;0;0
MMZWE;202112;11;28;0;-3.1;1.8;-7.5;132.2;12;5;0
MMZWE;202201;4;29;0;-2.8;3.7;-7.3;28.6;5;1;0
MMZWE;202202;0;24;0;1.1;6.9;-3.6;64.6;11;3;0
MMZWE;202203;0;25;0;3.7;12.9;-3.4;8.4;1;0;0
MMZWE;202204;0;12;0;6.8;13.8;0.4;40.4;8;2;0
MMZWE;202205;0;0;1;13.5;20.5;7.1;67.2;6;3;0
MMZWE;202206;0;0;2;16.8;24.4;9.4;121.2;12;6;0
MMZWE;202207;0;0;5;18.2;26.7;10.2;53.0;6;2;0
MMZWE;202208;0;0;2;17.1;25.6;9.8;98.6;8;4;0
MMZWE;202209;0;1;0;11.7;18.4;6.5;135.8;15;4;0
MMZWE;202210;0;0;0;11.1;18.9;5.6;-;8;3;0

stn;time;hns010mx;hns000m0;hto000m0;rre150m0;rsd010m0;rsd100m0;rs1000m0
ZWE;201301;-;33;5;66.8;9;2;0
ZWE;201302;-;119;27;105.3;11;3;0
ZWE;201303;-;42;10;69.2;13;3;0
ZWE;201304;8;8;0;92.9;9;4;0
ZWE;201305;0;0;0;163.2;18;4;0
ZWE;201306;0;0;0;101.3;10;4;0
ZWE;201307;-;-;-;105.9;11;3;0
ZWE;201308;-;0;0;68.8;9;3;0
ZWE;201309;0;0;0;140.8;13;4;0
ZWE;201310;0;0;0;108.6;11;6;0
ZWE;201311;-;27;3;134.3;14;5;0
ZWE;201312;-;17;7;42.1;4;1;0
ZWE;201401;41;47;9;83.6;11;3;0
ZWE;201402;52;48;13;105.2;11;6;0
ZWE;201403;16;14;2;23.7;4;1;0
ZWE;201404;-;2;0;111.5;10;3;0
ZWE;201405;-;0;0;124.3;16;5;0
ZWE;201406;0;0;0;86.8;12;2;0
ZWE;201407;-;-;0;273.6;20;9;0
ZWE;201408;-;0;0;175.4;20;7;0
ZWE;201409;0;0;0;46.1;7;2;0
ZWE;201410;1;1;0;67.3;9;3;0
ZWE;201411;4;4;0;79.5;9;4;0
ZWE;201412;50;56;4;76.4;8;2;0
ZWE;201501;62;81;12;119.8;18;4;0
ZWE;201502;91;50;33;48.3;7;1;0
ZWE;201503;-;-;5;110.4;11;4;0
ZWE;201504;2;2;0;86.5;10;4;0
ZWE;201505;1;1;0;194.2;15;7;0
ZWE;201506;0;0;0;137.0;15;5;0
ZWE;201507;-;-;-;68.8;7;3;0
ZWE;201508;-;0;0;101.6;11;4;0
ZWE;201509;-;0;0;65.7;12;2;0
ZWE;201510;-;0;0;64.6;8;2;0
ZWE;201511;32;32;3;92.4;8;2;0
ZWE;201512;25;0;1;15.8;5;0;0
ZWE;201601;-;-;-;139.6;17;5;0
ZWE;201602;-;-;-;112.8;16;5;0
ZWE;201603;-;-;-;47.8;9;1;0
ZWE;201604;-;-;-;102.5;12;2;0
ZWE;201605;-;-;-;205.1;14;9;0
ZWE;201606;-;-;-;180.2;22;5;0
ZWE;201607;-;-;-;199.9;16;8;0
ZWE;201608;-;-;-;92.8;8;3;0
ZWE;201609;-;-;-;66.7;5;3;0
ZWE;201610;-;-;-;69.7;8;2;0
ZWE;201611;-;-;-;100.6;12;4;0
ZWE;201612;-;-;-;0.4;0;0;0
ZWE;201701;-;-;-;57.0;8;1;0
ZWE;201702;-;-;-;75.3;13;3;0
ZWE;201703;-;-;-;124.9;10;5;0
ZWE;201704;-;-;-;67.3;11;2;0
ZWE;201705;-;-;-;130.1;15;6;0
ZWE;201706;-;-;-;129.2;11;5;0
ZWE;201707;-;-;-;114.6;14;5;0
ZWE;201708;-;-;-;110.3;10;5;0
ZWE;201709;-;-;-;63.9;10;3;0
ZWE;201710;-;-;-;54.5;9;2;0
ZWE;201711;-;-;-;98.9;10;4;0
ZWE;201712;-;-;-;133.8;16;5;0
ZWE;201801;-;-;-;261.6;14;8;0
ZWE;201802;-;-;-;45.7;7;1;0
ZWE;201803;-;-;-;92.1;14;2;0
ZWE;201804;-;-;-;41.2;5;1;0
ZWE;201805;-;-;-;141.4;18;6;0
ZWE;201806;-;-;-;52.2;7;1;0
ZWE;201807;-;-;-;44.5;7;1;0
ZWE;201808;-;-;-;178.7;13;7;0
ZWE;201809;-;-;-;69.6;7;3;0
ZWE;201810;-;-;-;40.2;4;3;0
ZWE;201811;-;-;-;13.9;4;0;0
ZWE;201812;-;-;-;195.3;16;7;0
ZWE;201901;-;-;-;86.4;9;2;0
ZWE;201902;-;-;-;40.4;6;2;0
ZWE;201903;-;-;-;95.4;12;2;0
ZWE;201904;-;-;-;57.4;7;2;0
ZWE;201905;-;-;-;128.7;16;5;0
ZWE;201906;-;-;-;109.2;11;3;0
ZWE;201907;-;-;-;138.6;10;6;0
ZWE;201908;-;-;-;169.2;11;6;0
ZWE;201909;-;-;-;28.0;5;1;0
ZWE;201910;-;-;-;103.0;15;3;0
ZWE;201911;-;-;-;106.2;14;3;0
ZWE;201912;-;-;-;112.7;14;6;0
ZWE;202001;-;-;-;32.7;5;1;0
ZWE;202002;-;-;-;114.8;14;5;0
ZWE;202003;-;-;-;70.2;9;3;0
ZWE;202004;-;-;-;45.7;4;1;0
ZWE;202005;-;-;-;50.0;8;1;0
ZWE;202006;-;-;-;101.4;15;3;0
ZWE;202007;-;-;-;66.1;8;2;0
ZWE;202008;-;-;-;213.3;13;8;0
ZWE;202009;-;-;-;63.7;6;3;0
ZWE;202010;-;-;-;110.6;11;3;0
ZWE;202011;-;-;-;22.8;5;0;0
ZWE;202012;-;-;-;66.9;15;1;0
ZWE;202101;-;-;-;163.4;16;6;0
ZWE;202102;-;-;-;40.8;7;2;0
ZWE;202103;-;-;-;73.0;8;3;0
ZWE;202104;-;-;-;34.8;7;1;0
ZWE;202105;-;-;-;188.5;17;8;0
ZWE;202106;-;-;-;185.9;17;8;0
ZWE;202107;-;-;-;228.6;17;9;0
ZWE;202108;-;-;-;98.7;9;5;0
ZWE;202109;-;-;-;70.5;9;2;0
ZWE;202110;-;-;-;22.2;5;0;0
ZWE;202111;-;-;-;30.6;8;1;0
ZWE;202112;-;-;-;144.7;14;5;0
ZWE;202201;-;-;-;35.3;5;1;0
ZWE;202202;-;-;-;83.6;12;3;0
ZWE;202203;-;-;-;16.2;3;1;0
ZWE;202204;-;-;-;56.7;10;2;0
ZWE;202205;-;-;-;73.2;6;3;0
ZWE;202206;-;-;-;109.2;12;4;0
ZWE;202207;-;-;-;47.6;6;1;0
ZWE;202208;-;-;-;92.5;7;4;0
ZWE;202209;-;-;-;153.5;16;3;0
ZWE;202210;-;-;-;76.7;9;3;0

